Bone 5
BoneHierarchy
-1 0 1 0 0 
BoneName
root body tail.01 arm.L arm.R 
BoneOffset 
0 0 0 0 0 0 0 0 0 0 0 0 0 0 0 0 
1 0 0 0 0 -2.06632e-07 -1 0 0 1 -2.06632e-07 0 0 -0.0528119 0.0127592 1 
1 -2.53985e-15 6.14391e-08 0 -1.21541e-08 0.980238 0.197823 0 -6.02249e-08 -0.197823 0.980238 0 3.4761e-08 -1.4533 -0.56578 1 
-0.31898 0.843057 0.433019 0 -0.947698 -0.288992 -0.135467 0 0.0109325 -0.453583 0.891147 0 -0.414244 -0.218672 -0.999304 1 
-0.31898 -0.843057 -0.433019 0 0.947698 -0.288992 -0.135467 0 -0.0109325 -0.453583 0.891147 0 0.414244 -0.218672 -0.999304 1 
SubmeshOffset 
0 2052 648 540 540 
