Bone 10
BoneHierarchy
-1 0 1 1 1 4 0 0 0 0 
BoneName
root body ear.L ear.R tail.01 tail.02 leg.F.L leg.B.L leg.F.R leg.B.R 
BoneOffset 
0 0 0 0 0 0 0 0 0 0 0 0 0 0 0 0 
1 2.62906e-23 -2.64698e-23 0 -2.64698e-23 2.6968e-07 -1 0 -2.62906e-23 1 2.6968e-07 0 0.00096259 -0.415138 0.00248581 1 
0.980726 -0.00840494 -0.195209 0 -0.193041 -0.196096 -0.961396 0 -0.0301991 0.980549 -0.193939 0 -0.307467 -1.59523 -0.299716 1 
0.980726 0.00840494 0.195209 0 0.193041 -0.196096 -0.961396 0 0.0301991 0.980549 -0.193939 0 0.307467 -1.59523 -0.299716 1 
-1 2.10263e-08 -6.6702e-07 0 3.86323e-07 0.833241 -0.552911 0 5.44162e-07 -0.552911 -0.833241 0 -0.000963323 0.111949 1.10824 1 
1 3.05522e-08 4.41353e-08 0 -5.27309e-08 0.712923 0.701243 0 -1.00406e-08 -0.701243 0.712923 0 0.000962635 -0.34246 -1.19406 1 
-1 -5.37678e-17 -6.27833e-07 0 6.27833e-07 -2.35858e-07 -1 0 -1.48026e-13 -1 2.35858e-07 0 0.223485 0.674004 -0.442252 1 
-1 -2.27925e-16 -6.27833e-07 0 6.27833e-07 -3.24552e-07 -1 0 -2.03537e-13 -1 3.24552e-07 0 0.223485 0.674004 0.468942 1 
-1 5.37678e-17 6.27833e-07 0 -6.27833e-07 -2.35858e-07 -1 0 1.48026e-13 -1 2.35858e-07 0 -0.223485 0.674004 -0.442252 1 
-1 2.27925e-16 6.27833e-07 0 -6.27833e-07 -3.24552e-07 -1 0 2.03537e-13 -1 3.24552e-07 0 -0.223485 0.674004 0.468942 1 
SubmeshOffset 
0 2442 408 408 180 450 168 168 168 216 
