Bone 8
BoneHierarchy
-1 0 1 1 1 1 0 0 
BoneName
root body wing.L wing.R tail.01 hair feet.L feet.R 
BoneOffset 
0 0 0 0 0 0 0 0 0 0 0 0 0 0 0 0 
1 -3.43381e-23 2.38419e-07 0 2.38419e-07 2.83272e-16 -1 0 -3.31992e-23 1 2.83272e-16 0 9.38283e-12 -0.173095 -3.9354e-05 1 
-0.99118 0.0776474 0.107386 0 -0.0920184 0.179855 -0.979377 0 -0.0953602 -0.980624 -0.171123 0 0.546933 0.927703 0.0748664 1 
-0.99118 -0.0776475 -0.107386 0 0.092018 0.179855 -0.979376 0 0.0953602 -0.980624 -0.171123 0 -0.546933 0.927703 0.0748666 1 
1 7.7501e-15 -2.73447e-14 0 5.44749e-22 0.962104 0.272682 0 2.84217e-14 -0.272682 0.962104 0 -7.25284e-15 -0.135012 -0.307786 1 
1 1.50783e-07 7.98961e-08 0 8.7337e-08 -0.0500114 -0.998749 0 -1.46599e-07 0.998749 -0.0500114 0 2.61009e-07 -1.66568 -0.123319 1 
-1 -5.29653e-17 -1.50996e-07 0 1.50996e-07 -2.83275e-16 -1 0 5.29653e-17 -1 2.83275e-16 0 0.236492 0.364743 -0.0349592 1 
-1 5.29653e-17 1.50996e-07 0 -1.50996e-07 -2.83275e-16 -1 0 -5.29653e-17 -1 2.83275e-16 0 -0.236492 0.364743 -0.0349592 1 
SubmeshOffset 
0 1428 324 324 240 336 426 426 
