Bone 10
BoneHierarchy
-1 0 1 1 1 4 0 0 0 0 
BoneName
root body ear.L ear.R tail.01 tail.02 leg.F.L leg.B.L leg.F.R leg.B.R 
BoneOffset 
0 0 0 0 0 0 0 0 0 0 0 0 0 0 0 0 
1 0 0 0 0 -1.4616e-08 -1 0 0 1 -1.4616e-08 0 2.38868e-17 -0.519668 0.113733 1 
0.933135 0.273553 -0.233299 0 -0.191782 -0.170143 -0.966577 0 -0.304104 0.946689 -0.106304 0 0.284155 -2.27495 -0.25041 1 
0.933135 -0.273553 0.233299 0 0.191782 -0.170143 -0.966577 0 0.304104 0.946689 -0.106304 0 -0.284155 -2.27495 -0.25041 1 
1 7.81276e-15 -2.38419e-07 0 -1.70049e-07 0.700921 -0.713239 0 1.67113e-07 0.713239 0.700921 0 -2.0481e-08 -1.56994 -0.0859037 1 
1 3.55093e-14 -7.15256e-07 0 -5.77823e-07 -0.589382 -0.807855 0 -4.21559e-07 0.807855 -0.589382 0 1.44137e-06 -0.42017 2.01518 1 
1 0 0 0 0 -1.03768e-07 1 0 0 -1 -1.03768e-07 0 -0.26013 0.888175 0.402575 1 
1 0 0 0 0 -7.02135e-08 1 0 0 -1 -7.02135e-08 0 -0.26013 0.888175 -0.787762 1 
1 0 0 0 0 -1.03768e-07 1 0 0 -1 -1.03768e-07 0 0.26013 0.888175 0.402575 1 
1 0 0 0 0 -7.02135e-08 1 0 0 -1 -7.02135e-08 0 0.26013 0.888175 -0.787762 1 
SubmeshOffset 
0 2712 168 168 174 450 360 360 360 360 
