Bone 886
BoneHierarchy
-1 0 1 2 3 4 5 6 6 4 9 10 11 12 13 14 12 16 17 18 12 20 21 22 10 4 25 26 27 28 29 30 28 32 33 34 28 36 37 38 25 4 4 1 43 44 45 46 1 48 49 50 51 1 1 1 1 1 1 1 1 -1 0 62 63 64 65 66 66 64 69 70 71 72 73 74 72 76 77 78 72 80 81 82 70 64 85 86 87 88 89 90 88 92 93 94 88 96 97 98 85 64 64 0 103 104 105 106 0 108 109 110 111 0 0 0 0 0 0 0 0 -1 0 122 123 124 125 125 123 128 129 130 131 132 133 131 135 136 137 131 139 140 141 129 123 144 145 146 147 148 149 147 151 152 153 147 155 156 157 144 123 123 -1 0 163 164 165 165 163 168 169 170 171 172 173 171 175 176 177 171 179 180 181 169 163 184 185 186 187 188 189 187 191 192 193 187 195 196 197 184 163 163 -1 0 203 204 204 0 207 208 209 210 211 212 210 214 215 216 210 218 219 220 208 0 223 224 225 226 227 228 226 230 231 232 226 234 235 236 223 0 0 -1 0 242 242 -1 0 0 -1 -1 -1 0 251 252 253 254 255 253 257 258 259 253 261 262 263 251 -1 0 267 268 269 270 268 272 273 274 268 276 277 278 0 -1 0 282 283 284 282 286 287 288 282 290 291 292 -1 0 295 296 0 298 299 300 0 302 303 304 -1 0 307 -1 0 -1 -1 0 313 314 -1 0 317 -1 0 -1 -1 0 323 324 -1 0 327 -1 0 -1 -1 0 333 334 335 336 337 335 339 340 341 335 343 344 345 0 -1 0 349 350 351 352 350 354 355 356 350 358 359 360 -1 0 363 364 365 363 367 368 369 363 371 372 373 -1 0 376 377 0 379 380 381 0 383 384 385 -1 0 388 -1 0 -1 -1 0 394 395 -1 0 398 -1 0 -1 -1 0 404 405 -1 0 408 -1 0 -1 -1 0 414 415 416 -1 0 419 420 -1 0 423 -1 0 -1 -1 0 429 430 431 -1 0 434 435 -1 0 438 -1 0 -1 -1 0 444 445 446 447 448 449 449 447 452 453 454 455 456 457 455 459 460 461 455 463 464 465 453 447 468 469 470 471 472 473 471 475 476 477 471 479 480 481 468 447 447 444 486 487 488 489 444 491 492 493 494 444 444 444 444 444 444 444 444 -1 0 505 506 507 508 509 509 507 512 513 514 515 516 517 515 519 520 521 515 523 524 525 513 507 528 529 530 531 532 533 531 535 536 537 531 539 540 541 528 507 507 0 546 547 548 549 0 551 552 553 554 0 0 0 0 0 0 0 0 -1 0 565 566 567 568 568 566 571 572 573 574 575 576 574 578 579 580 574 582 583 584 572 566 587 588 589 590 591 592 590 594 595 596 590 598 599 600 587 566 566 -1 0 606 607 608 608 606 611 612 613 614 615 616 614 618 619 620 614 622 623 624 612 606 627 628 629 630 631 632 630 634 635 636 630 638 639 640 627 606 606 -1 0 646 647 647 0 650 651 652 653 654 655 653 657 658 659 653 661 662 663 651 0 666 667 668 669 670 671 669 673 674 675 669 677 678 679 666 0 0 -1 0 685 685 -1 0 0 -1 -1 -1 0 694 695 696 697 698 696 700 701 702 696 704 705 706 694 -1 0 710 711 712 713 711 715 716 717 711 719 720 721 0 -1 0 725 726 727 725 729 730 731 725 733 734 735 -1 0 738 739 0 741 742 743 0 745 746 747 -1 0 750 -1 0 -1 -1 0 756 757 -1 0 760 -1 0 -1 -1 0 766 767 -1 0 770 -1 0 -1 -1 0 776 777 778 779 780 778 782 783 784 778 786 787 788 0 -1 0 792 793 794 795 793 797 798 799 793 801 802 803 -1 0 806 807 808 806 810 811 812 806 814 815 816 -1 0 819 820 0 822 823 824 0 826 827 828 -1 0 831 -1 0 -1 -1 0 837 838 -1 0 841 -1 0 -1 -1 0 847 848 -1 0 851 -1 0 -1 -1 0 857 858 859 -1 0 862 863 -1 0 866 -1 0 -1 -1 0 872 873 874 -1 0 877 878 -1 0 881 -1 0 -1 
BoneName
Root Hips Spine_01 Spine_02 Spine_03 Neck Head Eyes Eyebrows Clavicle_L Shoulder_L Elbow_L Hand_L Thumb_01 Thumb_02 Thumb_03 IndexFinger_01 IndexFinger_02 IndexFinger_03 IndexFinger_04 Finger_01 Finger_02 Finger_03 Finger_04 Item_WarriorSholderArmor Clavicle_R Shoulder_R Elbow_R Hand_R Thumb_011 Thumb_021 Thumb_031 IndexFinger_011 IndexFinger_021 IndexFinger_031 IndexFinger_041 Finger_011 Finger_021 Finger_031 Finger_041 Item_WarriorSholderArmor1 Item_Sword Item_SwordHolder UpperLeg_R LowerLeg_R Ankle_R Ball_R Toes_R UpperLeg_L LowerLeg_L Ankle_L Ball_L Toes_L Item_WaterCanteen Item_WaterBladder_01 SM_Prop_SpellBook_03 Item_Pouch SM_Prop_Vials Item_SwordSheath Item_Dagger Item_CoinBag Hips Spine_01 Spine_02 Spine_03 Neck Head Eyes Eyebrows Clavicle_L Shoulder_L Elbow_L Hand_L Thumb_01 Thumb_02 Thumb_03 IndexFinger_01 IndexFinger_02 IndexFinger_03 IndexFinger_04 Finger_01 Finger_02 Finger_03 Finger_04 Item_WarriorSholderArmor Clavicle_R Shoulder_R Elbow_R Hand_R Thumb_011 Thumb_021 Thumb_031 IndexFinger_011 IndexFinger_021 IndexFinger_031 IndexFinger_041 Finger_011 Finger_021 Finger_031 Finger_041 Item_WarriorSholderArmor1 Item_Sword Item_SwordHolder UpperLeg_R LowerLeg_R Ankle_R Ball_R Toes_R UpperLeg_L LowerLeg_L Ankle_L Ball_L Toes_L Item_WaterCanteen Item_WaterBladder_01 SM_Prop_SpellBook_03 Item_Pouch SM_Prop_Vials Item_SwordSheath Item_Dagger Item_CoinBag Spine_01 Spine_02 Spine_03 Neck Head Eyes Eyebrows Clavicle_L Shoulder_L Elbow_L Hand_L Thumb_01 Thumb_02 Thumb_03 IndexFinger_01 IndexFinger_02 IndexFinger_03 IndexFinger_04 Finger_01 Finger_02 Finger_03 Finger_04 Item_WarriorSholderArmor Clavicle_R Shoulder_R Elbow_R Hand_R Thumb_011 Thumb_021 Thumb_031 IndexFinger_011 IndexFinger_021 IndexFinger_031 IndexFinger_041 Finger_011 Finger_021 Finger_031 Finger_041 Item_WarriorSholderArmor1 Item_Sword Item_SwordHolder Spine_02 Spine_03 Neck Head Eyes Eyebrows Clavicle_L Shoulder_L Elbow_L Hand_L Thumb_01 Thumb_02 Thumb_03 IndexFinger_01 IndexFinger_02 IndexFinger_03 IndexFinger_04 Finger_01 Finger_02 Finger_03 Finger_04 Item_WarriorSholderArmor Clavicle_R Shoulder_R Elbow_R Hand_R Thumb_011 Thumb_021 Thumb_031 IndexFinger_011 IndexFinger_021 IndexFinger_031 IndexFinger_041 Finger_011 Finger_021 Finger_031 Finger_041 Item_WarriorSholderArmor1 Item_Sword Item_SwordHolder Spine_03 Neck Head Eyes Eyebrows Clavicle_L Shoulder_L Elbow_L Hand_L Thumb_01 Thumb_02 Thumb_03 IndexFinger_01 IndexFinger_02 IndexFinger_03 IndexFinger_04 Finger_01 Finger_02 Finger_03 Finger_04 Item_WarriorSholderArmor Clavicle_R Shoulder_R Elbow_R Hand_R Thumb_011 Thumb_021 Thumb_031 IndexFinger_011 IndexFinger_021 IndexFinger_031 IndexFinger_041 Finger_011 Finger_021 Finger_031 Finger_041 Item_WarriorSholderArmor1 Item_Sword Item_SwordHolder Neck Head Eyes Eyebrows Head Eyes Eyebrows Eyes Eyebrows Clavicle_L Shoulder_L Elbow_L Hand_L Thumb_01 Thumb_02 Thumb_03 IndexFinger_01 IndexFinger_02 IndexFinger_03 IndexFinger_04 Finger_01 Finger_02 Finger_03 Finger_04 Item_WarriorSholderArmor Shoulder_L Elbow_L Hand_L Thumb_01 Thumb_02 Thumb_03 IndexFinger_01 IndexFinger_02 IndexFinger_03 IndexFinger_04 Finger_01 Finger_02 Finger_03 Finger_04 Item_WarriorSholderArmor Elbow_L Hand_L Thumb_01 Thumb_02 Thumb_03 IndexFinger_01 IndexFinger_02 IndexFinger_03 IndexFinger_04 Finger_01 Finger_02 Finger_03 Finger_04 Hand_L Thumb_01 Thumb_02 Thumb_03 IndexFinger_01 IndexFinger_02 IndexFinger_03 IndexFinger_04 Finger_01 Finger_02 Finger_03 Finger_04 Thumb_01 Thumb_02 Thumb_03 Thumb_02 Thumb_03 Thumb_03 IndexFinger_01 IndexFinger_02 IndexFinger_03 IndexFinger_04 IndexFinger_02 IndexFinger_03 IndexFinger_04 IndexFinger_03 IndexFinger_04 IndexFinger_04 Finger_01 Finger_02 Finger_03 Finger_04 Finger_02 Finger_03 Finger_04 Finger_03 Finger_04 Finger_04 Clavicle_R Shoulder_R Elbow_R Hand_R Thumb_011 Thumb_021 Thumb_031 IndexFinger_011 IndexFinger_021 IndexFinger_031 IndexFinger_041 Finger_011 Finger_021 Finger_031 Finger_041 Item_WarriorSholderArmor1 Shoulder_R Elbow_R Hand_R Thumb_011 Thumb_021 Thumb_031 IndexFinger_011 IndexFinger_021 IndexFinger_031 IndexFinger_041 Finger_011 Finger_021 Finger_031 Finger_041 Elbow_R Hand_R Thumb_011 Thumb_021 Thumb_031 IndexFinger_011 IndexFinger_021 IndexFinger_031 IndexFinger_041 Finger_011 Finger_021 Finger_031 Finger_041 Hand_R Thumb_011 Thumb_021 Thumb_031 IndexFinger_011 IndexFinger_021 IndexFinger_031 IndexFinger_041 Finger_011 Finger_021 Finger_031 Finger_041 Thumb_011 Thumb_021 Thumb_031 Thumb_021 Thumb_031 Thumb_031 IndexFinger_011 IndexFinger_021 IndexFinger_031 IndexFinger_041 IndexFinger_021 IndexFinger_031 IndexFinger_041 IndexFinger_031 IndexFinger_041 IndexFinger_041 Finger_011 Finger_021 Finger_031 Finger_041 Finger_021 Finger_031 Finger_041 Finger_031 Finger_041 Finger_041 UpperLeg_R LowerLeg_R Ankle_R Ball_R Toes_R LowerLeg_R Ankle_R Ball_R Toes_R Ankle_R Ball_R Toes_R Ball_R Toes_R Toes_R UpperLeg_L LowerLeg_L Ankle_L Ball_L Toes_L LowerLeg_L Ankle_L Ball_L Toes_L Ankle_L Ball_L Toes_L Ball_L Toes_L Toes_L Root Hips Spine_01 Spine_02 Spine_03 Neck Head Eyes Eyebrows Clavicle_L Shoulder_L Elbow_L Hand_L Thumb_01 Thumb_02 Thumb_03 IndexFinger_01 IndexFinger_02 IndexFinger_03 IndexFinger_04 Finger_01 Finger_02 Finger_03 Finger_04 Item_WarriorSholderArmor Clavicle_R Shoulder_R Elbow_R Hand_R Thumb_011 Thumb_021 Thumb_031 IndexFinger_011 IndexFinger_021 IndexFinger_031 IndexFinger_041 Finger_011 Finger_021 Finger_031 Finger_041 Item_WarriorSholderArmor1 Item_Sword Item_SwordHolder UpperLeg_R LowerLeg_R Ankle_R Ball_R Toes_R UpperLeg_L LowerLeg_L Ankle_L Ball_L Toes_L Item_WaterCanteen Item_WaterBladder_01 SM_Prop_SpellBook_03 Item_Pouch SM_Prop_Vials Item_SwordSheath Item_Dagger Item_CoinBag Hips Spine_01 Spine_02 Spine_03 Neck Head Eyes Eyebrows Clavicle_L Shoulder_L Elbow_L Hand_L Thumb_01 Thumb_02 Thumb_03 IndexFinger_01 IndexFinger_02 IndexFinger_03 IndexFinger_04 Finger_01 Finger_02 Finger_03 Finger_04 Item_WarriorSholderArmor Clavicle_R Shoulder_R Elbow_R Hand_R Thumb_011 Thumb_021 Thumb_031 IndexFinger_011 IndexFinger_021 IndexFinger_031 IndexFinger_041 Finger_011 Finger_021 Finger_031 Finger_041 Item_WarriorSholderArmor1 Item_Sword Item_SwordHolder UpperLeg_R LowerLeg_R Ankle_R Ball_R Toes_R UpperLeg_L LowerLeg_L Ankle_L Ball_L Toes_L Item_WaterCanteen Item_WaterBladder_01 SM_Prop_SpellBook_03 Item_Pouch SM_Prop_Vials Item_SwordSheath Item_Dagger Item_CoinBag Spine_01 Spine_02 Spine_03 Neck Head Eyes Eyebrows Clavicle_L Shoulder_L Elbow_L Hand_L Thumb_01 Thumb_02 Thumb_03 IndexFinger_01 IndexFinger_02 IndexFinger_03 IndexFinger_04 Finger_01 Finger_02 Finger_03 Finger_04 Item_WarriorSholderArmor Clavicle_R Shoulder_R Elbow_R Hand_R Thumb_011 Thumb_021 Thumb_031 IndexFinger_011 IndexFinger_021 IndexFinger_031 IndexFinger_041 Finger_011 Finger_021 Finger_031 Finger_041 Item_WarriorSholderArmor1 Item_Sword Item_SwordHolder Spine_02 Spine_03 Neck Head Eyes Eyebrows Clavicle_L Shoulder_L Elbow_L Hand_L Thumb_01 Thumb_02 Thumb_03 IndexFinger_01 IndexFinger_02 IndexFinger_03 IndexFinger_04 Finger_01 Finger_02 Finger_03 Finger_04 Item_WarriorSholderArmor Clavicle_R Shoulder_R Elbow_R Hand_R Thumb_011 Thumb_021 Thumb_031 IndexFinger_011 IndexFinger_021 IndexFinger_031 IndexFinger_041 Finger_011 Finger_021 Finger_031 Finger_041 Item_WarriorSholderArmor1 Item_Sword Item_SwordHolder Spine_03 Neck Head Eyes Eyebrows Clavicle_L Shoulder_L Elbow_L Hand_L Thumb_01 Thumb_02 Thumb_03 IndexFinger_01 IndexFinger_02 IndexFinger_03 IndexFinger_04 Finger_01 Finger_02 Finger_03 Finger_04 Item_WarriorSholderArmor Clavicle_R Shoulder_R Elbow_R Hand_R Thumb_011 Thumb_021 Thumb_031 IndexFinger_011 IndexFinger_021 IndexFinger_031 IndexFinger_041 Finger_011 Finger_021 Finger_031 Finger_041 Item_WarriorSholderArmor1 Item_Sword Item_SwordHolder Neck Head Eyes Eyebrows Head Eyes Eyebrows Eyes Eyebrows Clavicle_L Shoulder_L Elbow_L Hand_L Thumb_01 Thumb_02 Thumb_03 IndexFinger_01 IndexFinger_02 IndexFinger_03 IndexFinger_04 Finger_01 Finger_02 Finger_03 Finger_04 Item_WarriorSholderArmor Shoulder_L Elbow_L Hand_L Thumb_01 Thumb_02 Thumb_03 IndexFinger_01 IndexFinger_02 IndexFinger_03 IndexFinger_04 Finger_01 Finger_02 Finger_03 Finger_04 Item_WarriorSholderArmor Elbow_L Hand_L Thumb_01 Thumb_02 Thumb_03 IndexFinger_01 IndexFinger_02 IndexFinger_03 IndexFinger_04 Finger_01 Finger_02 Finger_03 Finger_04 Hand_L Thumb_01 Thumb_02 Thumb_03 IndexFinger_01 IndexFinger_02 IndexFinger_03 IndexFinger_04 Finger_01 Finger_02 Finger_03 Finger_04 Thumb_01 Thumb_02 Thumb_03 Thumb_02 Thumb_03 Thumb_03 IndexFinger_01 IndexFinger_02 IndexFinger_03 IndexFinger_04 IndexFinger_02 IndexFinger_03 IndexFinger_04 IndexFinger_03 IndexFinger_04 IndexFinger_04 Finger_01 Finger_02 Finger_03 Finger_04 Finger_02 Finger_03 Finger_04 Finger_03 Finger_04 Finger_04 Clavicle_R Shoulder_R Elbow_R Hand_R Thumb_011 Thumb_021 Thumb_031 IndexFinger_011 IndexFinger_021 IndexFinger_031 IndexFinger_041 Finger_011 Finger_021 Finger_031 Finger_041 Item_WarriorSholderArmor1 Shoulder_R Elbow_R Hand_R Thumb_011 Thumb_021 Thumb_031 IndexFinger_011 IndexFinger_021 IndexFinger_031 IndexFinger_041 Finger_011 Finger_021 Finger_031 Finger_041 Elbow_R Hand_R Thumb_011 Thumb_021 Thumb_031 IndexFinger_011 IndexFinger_021 IndexFinger_031 IndexFinger_041 Finger_011 Finger_021 Finger_031 Finger_041 Hand_R Thumb_011 Thumb_021 Thumb_031 IndexFinger_011 IndexFinger_021 IndexFinger_031 IndexFinger_041 Finger_011 Finger_021 Finger_031 Finger_041 Thumb_011 Thumb_021 Thumb_031 Thumb_021 Thumb_031 Thumb_031 IndexFinger_011 IndexFinger_021 IndexFinger_031 IndexFinger_041 IndexFinger_021 IndexFinger_031 IndexFinger_041 IndexFinger_031 IndexFinger_041 IndexFinger_041 Finger_011 Finger_021 Finger_031 Finger_041 Finger_021 Finger_031 Finger_041 Finger_031 Finger_041 Finger_041 UpperLeg_R LowerLeg_R Ankle_R Ball_R Toes_R LowerLeg_R Ankle_R Ball_R Toes_R Ankle_R Ball_R Toes_R Ball_R Toes_R Toes_R UpperLeg_L LowerLeg_L Ankle_L Ball_L Toes_L LowerLeg_L Ankle_L Ball_L Toes_L Ankle_L Ball_L Toes_L Ball_L Toes_L Toes_L 
BoneOffset 
0 0 0 0 0 0 0 0 0 0 0 0 0 0 0 0 
6.0545e-17 -1.51663e-16 1 0 0.988775 0.149412 -3.72051e-17 0 -0.149412 0.988775 1.59007e-16 0 -86.644 -13.0926 3.26019e-15 1 
6.11567e-17 -1.57769e-16 -1 0 0.998764 0.0496955 5.32407e-17 0 0.0496955 -0.998764 1.60614e-16 0 -97.7061 -6.41636 -4.96308e-15 1 
6.05755e-17 -1.51867e-16 1 0 0.989273 0.14608 -3.77409e-17 0 -0.14608 0.989273 1.59087e-16 0 -114.883 -16.3062 4.48272e-15 1 
6.10554e-17 -1.56161e-16 -1 0 0.997111 0.0759622 4.90167e-17 0 0.0759622 -0.997111 1.60348e-16 0 -133.11 -13.4163 -6.03198e-15 1 
6.04549e-17 -1.51086e-16 -1 0 0.987303 0.158851 3.56872e-17 0 0.158851 -0.987303 1.5877e-16 0 -142.678 -25.4033 -4.78748e-15 1 
1 0 0 0 0 1 0 0 0 0 1 0 0 -156.911 0.483958 1 
1 0 0 0 0 1 0 0 0 0 1 0 0 -166.359 -11.7883 1 
1 0 0 0 0 1 0 0 0 0 1 0 0 -169.678 -11.7883 1 
0.882852 0.0114634 0.469511 0 -0.0129834 0.999916 1.57351e-09 0 -0.469471 -0.00609585 0.882927 0 -4.13175 -139.276 -4.69181 1 
0.996542 0.082498 0.00991434 0 -0.082502 0.996591 -5.22418e-10 0 -0.00988054 -0.000817953 0.999951 0 -7.60969 -140.145 4.65265 1 
0.997432 -1.29896e-16 -0.0716155 0 1.72254e-16 1 5.85287e-16 0 0.0716155 -5.9612e-16 0.997432 0 -52.3986 -136.094 9.09707 1 
1 0 0 0 0 1 0 0 0 0 1 0 -79.9632 -136.094 3.41738 1 
0.831214 0.154317 -0.534106 0 -0.182534 0.9832 -3.39907e-07 0 0.525133 0.0974925 0.845418 0 -45.3309 -145.645 43.6658 1 
0.847975 0.430776 -0.30882 0 -0.452914 0.891554 -2.15046e-07 0 0.27533 0.139869 0.951121 0 -15.9153 -158.116 23.198 1 
1 0 0 0 0 1 0 0 0 0 1 0 -93.5765 -131.195 -5.99327 1 
0.991306 0.00845244 -0.131305 0 -0.00852626 0.999964 -3.58462e-10 0 0.1313 0.00111954 0.991342 0 -88.3126 -137.251 12.603 1 
0.973031 0.202837 -0.109856 0 -0.204072 0.978956 1.68159e-08 0 0.107544 0.0224185 0.993948 0 -64.0018 -152.733 10.5783 1 
0.947822 0.313702 -0.0567808 0 -0.314209 0.949354 -9.93841e-09 0 0.053905 0.017841 0.998387 0 -50.3654 -159.592 5.37042 1 
1 0 0 0 0 1 0 0 0 0 1 0 -101.689 -134.497 -0.404233 1 
0.98976 0.11253 0.0878153 0 -0.112966 0.993599 5.54294e-08 0 -0.0872531 -0.00992023 0.996137 0 -74.2485 -145.296 -1.22379 1 
0.986728 0.154946 0.0485677 0 -0.155129 0.987894 -1.9246e-09 0 -0.0479797 -0.00753426 0.99882 0 -72.221 -148.5 2.4904 1 
0.924156 0.328523 0.194958 0 -0.33495 0.942236 -2.85686e-08 0 -0.183696 -0.0653012 0.980812 0 -46.3413 -159.7 -11.9303 1 
1 0 0 0 0 1 0 0 0 0 1 0 -100.393 -133.947 7.7917 1 
0 0 0 0 0 0 0 0 0 0 0 0 0 0 0 0 
0.882852 0.0114634 0.469511 0 0.0129834 -0.999916 -1.57351e-09 0 0.469471 0.00609585 -0.882927 0 4.13175 139.276 4.69181 1 
0.996542 0.082498 0.00991434 0 0.082502 -0.996591 5.22418e-10 0 0.00988054 0.000817953 -0.999951 0 7.60969 140.145 -4.65265 1 
0.997432 -9.80922e-17 -0.0716155 0 -1.72254e-16 -1 -1.02938e-15 0 -0.0716155 1.03907e-15 -0.997432 0 52.3986 136.094 -9.09707 1 
1 0 0 0 0 -1 6.61744e-24 0 0 -6.61744e-24 -1 0 79.9632 136.094 -3.41738 1 
0.831214 0.154317 -0.534106 0 0.182534 -0.9832 3.39907e-07 0 -0.525133 -0.0974925 -0.845418 0 45.3309 145.644 -43.6658 1 
0.847975 0.430776 -0.30882 0 0.452914 -0.891554 2.15046e-07 0 -0.27533 -0.139869 -0.951121 0 15.9152 158.116 -23.198 1 
1 0 0 0 0 -1 6.61744e-24 0 0 -6.61744e-24 -1 0 93.5765 131.195 5.99327 1 
0.991306 0.00845244 -0.131305 0 0.00852626 -0.999964 3.58461e-10 0 -0.1313 -0.00111954 -0.991342 0 88.3126 137.251 -12.603 1 
0.973031 0.202837 -0.109856 0 0.204072 -0.978956 -1.68159e-08 0 -0.107544 -0.0224185 -0.993948 0 64.0018 152.733 -10.5783 1 
0.947822 0.313702 -0.0567808 0 0.314209 -0.949354 9.93841e-09 0 -0.053905 -0.017841 -0.998387 0 50.3654 159.592 -5.37042 1 
1 0 0 0 0 -1 6.61744e-24 0 0 -6.61744e-24 -1 0 101.689 134.497 0.404233 1 
0.98976 0.11253 0.0878153 0 0.112966 -0.993599 -5.54294e-08 0 0.0872531 0.00992023 -0.996137 0 74.2485 145.296 1.22379 1 
0.986728 0.154946 0.0485677 0 0.155129 -0.987894 1.9246e-09 0 0.0479797 0.00753426 -0.99882 0 72.221 148.499 -2.4904 1 
0.924156 0.328523 0.194958 0 0.33495 -0.942236 2.85686e-08 0 0.183696 0.0653012 -0.980812 0 46.3414 159.7 11.9303 1 
1 0 0 0 0 -1 6.61744e-24 0 0 -6.61744e-24 -1 0 100.393 133.947 -7.7917 1 
0 0 0 0 0 0 0 0 0 0 0 0 0 0 0 0 
0 0 0 0 0 0 0 0 0 0 0 0 0 0 0 0 
0 0 0 0 0 0 0 0 0 0 0 0 0 0 0 0 
-0.0317411 -0.999496 3.5282e-14 0 -0.999496 0.0317411 -1.22064e-16 0 -9.97887e-16 -3.52681e-14 -1 0 82.7998 -12.5312 -2.04691 1 
-0.00742954 -0.168194 0.985726 0 -0.999026 0.0441294 -1.50872e-09 0 -0.0434995 -0.984766 -0.168358 0 43.0309 -5.80184 10.6602 1 
3.18392e-17 3.30553e-16 -1 0 -0.519973 0.854183 2.65797e-16 0 0.854183 0.519973 1.99075e-16 0 6.04563 -2.83996 -11.4443 1 
4.37114e-08 1.22465e-16 -1 0 4.37114e-08 1 2.03315e-15 0 1 -4.37114e-08 4.37114e-08 0 -5.95125 0.297976 -11.4443 1 
0 0 0 0 0 0 0 0 0 0 0 0 0 0 0 0 
-0.0317411 -0.999496 3.48381e-14 0 0.999496 -0.0317411 1.07968e-16 0 9.97887e-16 3.4824e-14 1 0 -82.7998 12.5312 2.04691 1 
-0.00742954 -0.168194 0.985726 0 0.999026 -0.0441294 1.50872e-09 0 0.0434995 0.984766 0.168358 0 -43.0309 5.80185 -10.6602 1 
3.18392e-17 8.92873e-18 -1 0 0.519973 -0.854183 8.92873e-18 0 -0.854183 -0.519973 -3.18392e-17 0 -6.04564 2.83996 11.4443 1 
4.37114e-08 1.22465e-16 -1 0 -4.37114e-08 -1 -2.03315e-15 0 -1 4.37114e-08 -4.37114e-08 0 5.95125 -0.297976 11.4443 1 
0 0 0 0 0 0 0 0 0 0 0 0 0 0 0 0 
0 0 0 0 0 0 0 0 0 0 0 0 0 0 0 0 
0 0 0 0 0 0 0 0 0 0 0 0 0 0 0 0 
0 0 0 0 0 0 0 0 0 0 0 0 0 0 0 0 
0 0 0 0 0 0 0 0 0 0 0 0 0 0 0 0 
0 0 0 0 0 0 0 0 0 0 0 0 0 0 0 0 
0 0 0 0 0 0 0 0 0 0 0 0 0 0 0 0 
0 0 0 0 0 0 0 0 0 0 0 0 0 0 0 0 
0 0 0 0 0 0 0 0 0 0 0 0 0 0 0 0 
0 0 0 0 0 0 0 0 0 0 0 0 0 0 0 0 
0 0 0 0 0 0 0 0 0 0 0 0 0 0 0 0 
0 0 0 0 0 0 0 0 0 0 0 0 0 0 0 0 
0 0 0 0 0 0 0 0 0 0 0 0 0 0 0 0 
0 0 0 0 0 0 0 0 0 0 0 0 0 0 0 0 
0 0 0 0 0 0 0 0 0 0 0 0 0 0 0 0 
0 0 0 0 0 0 0 0 0 0 0 0 0 0 0 0 
0 0 0 0 0 0 0 0 0 0 0 0 0 0 0 0 
0 0 0 0 0 0 0 0 0 0 0 0 0 0 0 0 
0 0 0 0 0 0 0 0 0 0 0 0 0 0 0 0 
0 0 0 0 0 0 0 0 0 0 0 0 0 0 0 0 
0 0 0 0 0 0 0 0 0 0 0 0 0 0 0 0 
0 0 0 0 0 0 0 0 0 0 0 0 0 0 0 0 
0 0 0 0 0 0 0 0 0 0 0 0 0 0 0 0 
0 0 0 0 0 0 0 0 0 0 0 0 0 0 0 0 
0 0 0 0 0 0 0 0 0 0 0 0 0 0 0 0 
0 0 0 0 0 0 0 0 0 0 0 0 0 0 0 0 
0 0 0 0 0 0 0 0 0 0 0 0 0 0 0 0 
0 0 0 0 0 0 0 0 0 0 0 0 0 0 0 0 
0 0 0 0 0 0 0 0 0 0 0 0 0 0 0 0 
0 0 0 0 0 0 0 0 0 0 0 0 0 0 0 0 
0 0 0 0 0 0 0 0 0 0 0 0 0 0 0 0 
0 0 0 0 0 0 0 0 0 0 0 0 0 0 0 0 
0 0 0 0 0 0 0 0 0 0 0 0 0 0 0 0 
0 0 0 0 0 0 0 0 0 0 0 0 0 0 0 0 
0 0 0 0 0 0 0 0 0 0 0 0 0 0 0 0 
0 0 0 0 0 0 0 0 0 0 0 0 0 0 0 0 
0 0 0 0 0 0 0 0 0 0 0 0 0 0 0 0 
0 0 0 0 0 0 0 0 0 0 0 0 0 0 0 0 
0 0 0 0 0 0 0 0 0 0 0 0 0 0 0 0 
0 0 0 0 0 0 0 0 0 0 0 0 0 0 0 0 
0 0 0 0 0 0 0 0 0 0 0 0 0 0 0 0 
0 0 0 0 0 0 0 0 0 0 0 0 0 0 0 0 
0 0 0 0 0 0 0 0 0 0 0 0 0 0 0 0 
0 0 0 0 0 0 0 0 0 0 0 0 0 0 0 0 
0 0 0 0 0 0 0 0 0 0 0 0 0 0 0 0 
0 0 0 0 0 0 0 0 0 0 0 0 0 0 0 0 
0 0 0 0 0 0 0 0 0 0 0 0 0 0 0 0 
0 0 0 0 0 0 0 0 0 0 0 0 0 0 0 0 
0 0 0 0 0 0 0 0 0 0 0 0 0 0 0 0 
0 0 0 0 0 0 0 0 0 0 0 0 0 0 0 0 
0 0 0 0 0 0 0 0 0 0 0 0 0 0 0 0 
0 0 0 0 0 0 0 0 0 0 0 0 0 0 0 0 
0 0 0 0 0 0 0 0 0 0 0 0 0 0 0 0 
0 0 0 0 0 0 0 0 0 0 0 0 0 0 0 0 
0 0 0 0 0 0 0 0 0 0 0 0 0 0 0 0 
0 0 0 0 0 0 0 0 0 0 0 0 0 0 0 0 
0 0 0 0 0 0 0 0 0 0 0 0 0 0 0 0 
0 0 0 0 0 0 0 0 0 0 0 0 0 0 0 0 
0 0 0 0 0 0 0 0 0 0 0 0 0 0 0 0 
0 0 0 0 0 0 0 0 0 0 0 0 0 0 0 0 
0 0 0 0 0 0 0 0 0 0 0 0 0 0 0 0 
0 0 0 0 0 0 0 0 0 0 0 0 0 0 0 0 
0 0 0 0 0 0 0 0 0 0 0 0 0 0 0 0 
0 0 0 0 0 0 0 0 0 0 0 0 0 0 0 0 
0 0 0 0 0 0 0 0 0 0 0 0 0 0 0 0 
0 0 0 0 0 0 0 0 0 0 0 0 0 0 0 0 
0 0 0 0 0 0 0 0 0 0 0 0 0 0 0 0 
0 0 0 0 0 0 0 0 0 0 0 0 0 0 0 0 
0 0 0 0 0 0 0 0 0 0 0 0 0 0 0 0 
0 0 0 0 0 0 0 0 0 0 0 0 0 0 0 0 
0 0 0 0 0 0 0 0 0 0 0 0 0 0 0 0 
0 0 0 0 0 0 0 0 0 0 0 0 0 0 0 0 
0 0 0 0 0 0 0 0 0 0 0 0 0 0 0 0 
0 0 0 0 0 0 0 0 0 0 0 0 0 0 0 0 
0 0 0 0 0 0 0 0 0 0 0 0 0 0 0 0 
0 0 0 0 0 0 0 0 0 0 0 0 0 0 0 0 
0 0 0 0 0 0 0 0 0 0 0 0 0 0 0 0 
0 0 0 0 0 0 0 0 0 0 0 0 0 0 0 0 
0 0 0 0 0 0 0 0 0 0 0 0 0 0 0 0 
0 0 0 0 0 0 0 0 0 0 0 0 0 0 0 0 
0 0 0 0 0 0 0 0 0 0 0 0 0 0 0 0 
0 0 0 0 0 0 0 0 0 0 0 0 0 0 0 0 
0 0 0 0 0 0 0 0 0 0 0 0 0 0 0 0 
0 0 0 0 0 0 0 0 0 0 0 0 0 0 0 0 
0 0 0 0 0 0 0 0 0 0 0 0 0 0 0 0 
0 0 0 0 0 0 0 0 0 0 0 0 0 0 0 0 
0 0 0 0 0 0 0 0 0 0 0 0 0 0 0 0 
0 0 0 0 0 0 0 0 0 0 0 0 0 0 0 0 
0 0 0 0 0 0 0 0 0 0 0 0 0 0 0 0 
0 0 0 0 0 0 0 0 0 0 0 0 0 0 0 0 
0 0 0 0 0 0 0 0 0 0 0 0 0 0 0 0 
0 0 0 0 0 0 0 0 0 0 0 0 0 0 0 0 
0 0 0 0 0 0 0 0 0 0 0 0 0 0 0 0 
0 0 0 0 0 0 0 0 0 0 0 0 0 0 0 0 
0 0 0 0 0 0 0 0 0 0 0 0 0 0 0 0 
0 0 0 0 0 0 0 0 0 0 0 0 0 0 0 0 
0 0 0 0 0 0 0 0 0 0 0 0 0 0 0 0 
0 0 0 0 0 0 0 0 0 0 0 0 0 0 0 0 
0 0 0 0 0 0 0 0 0 0 0 0 0 0 0 0 
0 0 0 0 0 0 0 0 0 0 0 0 0 0 0 0 
0 0 0 0 0 0 0 0 0 0 0 0 0 0 0 0 
0 0 0 0 0 0 0 0 0 0 0 0 0 0 0 0 
0 0 0 0 0 0 0 0 0 0 0 0 0 0 0 0 
0 0 0 0 0 0 0 0 0 0 0 0 0 0 0 0 
0 0 0 0 0 0 0 0 0 0 0 0 0 0 0 0 
0 0 0 0 0 0 0 0 0 0 0 0 0 0 0 0 
0 0 0 0 0 0 0 0 0 0 0 0 0 0 0 0 
0 0 0 0 0 0 0 0 0 0 0 0 0 0 0 0 
0 0 0 0 0 0 0 0 0 0 0 0 0 0 0 0 
0 0 0 0 0 0 0 0 0 0 0 0 0 0 0 0 
0 0 0 0 0 0 0 0 0 0 0 0 0 0 0 0 
0 0 0 0 0 0 0 0 0 0 0 0 0 0 0 0 
0 0 0 0 0 0 0 0 0 0 0 0 0 0 0 0 
0 0 0 0 0 0 0 0 0 0 0 0 0 0 0 0 
0 0 0 0 0 0 0 0 0 0 0 0 0 0 0 0 
0 0 0 0 0 0 0 0 0 0 0 0 0 0 0 0 
0 0 0 0 0 0 0 0 0 0 0 0 0 0 0 0 
0 0 0 0 0 0 0 0 0 0 0 0 0 0 0 0 
0 0 0 0 0 0 0 0 0 0 0 0 0 0 0 0 
0 0 0 0 0 0 0 0 0 0 0 0 0 0 0 0 
0 0 0 0 0 0 0 0 0 0 0 0 0 0 0 0 
0 0 0 0 0 0 0 0 0 0 0 0 0 0 0 0 
0 0 0 0 0 0 0 0 0 0 0 0 0 0 0 0 
0 0 0 0 0 0 0 0 0 0 0 0 0 0 0 0 
0 0 0 0 0 0 0 0 0 0 0 0 0 0 0 0 
0 0 0 0 0 0 0 0 0 0 0 0 0 0 0 0 
0 0 0 0 0 0 0 0 0 0 0 0 0 0 0 0 
0 0 0 0 0 0 0 0 0 0 0 0 0 0 0 0 
0 0 0 0 0 0 0 0 0 0 0 0 0 0 0 0 
0 0 0 0 0 0 0 0 0 0 0 0 0 0 0 0 
0 0 0 0 0 0 0 0 0 0 0 0 0 0 0 0 
0 0 0 0 0 0 0 0 0 0 0 0 0 0 0 0 
0 0 0 0 0 0 0 0 0 0 0 0 0 0 0 0 
0 0 0 0 0 0 0 0 0 0 0 0 0 0 0 0 
0 0 0 0 0 0 0 0 0 0 0 0 0 0 0 0 
0 0 0 0 0 0 0 0 0 0 0 0 0 0 0 0 
0 0 0 0 0 0 0 0 0 0 0 0 0 0 0 0 
0 0 0 0 0 0 0 0 0 0 0 0 0 0 0 0 
0 0 0 0 0 0 0 0 0 0 0 0 0 0 0 0 
0 0 0 0 0 0 0 0 0 0 0 0 0 0 0 0 
0 0 0 0 0 0 0 0 0 0 0 0 0 0 0 0 
0 0 0 0 0 0 0 0 0 0 0 0 0 0 0 0 
0 0 0 0 0 0 0 0 0 0 0 0 0 0 0 0 
0 0 0 0 0 0 0 0 0 0 0 0 0 0 0 0 
0 0 0 0 0 0 0 0 0 0 0 0 0 0 0 0 
0 0 0 0 0 0 0 0 0 0 0 0 0 0 0 0 
0 0 0 0 0 0 0 0 0 0 0 0 0 0 0 0 
0 0 0 0 0 0 0 0 0 0 0 0 0 0 0 0 
0 0 0 0 0 0 0 0 0 0 0 0 0 0 0 0 
0 0 0 0 0 0 0 0 0 0 0 0 0 0 0 0 
0 0 0 0 0 0 0 0 0 0 0 0 0 0 0 0 
0 0 0 0 0 0 0 0 0 0 0 0 0 0 0 0 
0 0 0 0 0 0 0 0 0 0 0 0 0 0 0 0 
0 0 0 0 0 0 0 0 0 0 0 0 0 0 0 0 
0 0 0 0 0 0 0 0 0 0 0 0 0 0 0 0 
0 0 0 0 0 0 0 0 0 0 0 0 0 0 0 0 
0 0 0 0 0 0 0 0 0 0 0 0 0 0 0 0 
0 0 0 0 0 0 0 0 0 0 0 0 0 0 0 0 
0 0 0 0 0 0 0 0 0 0 0 0 0 0 0 0 
0 0 0 0 0 0 0 0 0 0 0 0 0 0 0 0 
0 0 0 0 0 0 0 0 0 0 0 0 0 0 0 0 
0 0 0 0 0 0 0 0 0 0 0 0 0 0 0 0 
0 0 0 0 0 0 0 0 0 0 0 0 0 0 0 0 
0 0 0 0 0 0 0 0 0 0 0 0 0 0 0 0 
0 0 0 0 0 0 0 0 0 0 0 0 0 0 0 0 
0 0 0 0 0 0 0 0 0 0 0 0 0 0 0 0 
0 0 0 0 0 0 0 0 0 0 0 0 0 0 0 0 
0 0 0 0 0 0 0 0 0 0 0 0 0 0 0 0 
0 0 0 0 0 0 0 0 0 0 0 0 0 0 0 0 
0 0 0 0 0 0 0 0 0 0 0 0 0 0 0 0 
0 0 0 0 0 0 0 0 0 0 0 0 0 0 0 0 
0 0 0 0 0 0 0 0 0 0 0 0 0 0 0 0 
0 0 0 0 0 0 0 0 0 0 0 0 0 0 0 0 
0 0 0 0 0 0 0 0 0 0 0 0 0 0 0 0 
0 0 0 0 0 0 0 0 0 0 0 0 0 0 0 0 
0 0 0 0 0 0 0 0 0 0 0 0 0 0 0 0 
0 0 0 0 0 0 0 0 0 0 0 0 0 0 0 0 
0 0 0 0 0 0 0 0 0 0 0 0 0 0 0 0 
0 0 0 0 0 0 0 0 0 0 0 0 0 0 0 0 
0 0 0 0 0 0 0 0 0 0 0 0 0 0 0 0 
0 0 0 0 0 0 0 0 0 0 0 0 0 0 0 0 
0 0 0 0 0 0 0 0 0 0 0 0 0 0 0 0 
0 0 0 0 0 0 0 0 0 0 0 0 0 0 0 0 
0 0 0 0 0 0 0 0 0 0 0 0 0 0 0 0 
0 0 0 0 0 0 0 0 0 0 0 0 0 0 0 0 
0 0 0 0 0 0 0 0 0 0 0 0 0 0 0 0 
0 0 0 0 0 0 0 0 0 0 0 0 0 0 0 0 
0 0 0 0 0 0 0 0 0 0 0 0 0 0 0 0 
0 0 0 0 0 0 0 0 0 0 0 0 0 0 0 0 
0 0 0 0 0 0 0 0 0 0 0 0 0 0 0 0 
0 0 0 0 0 0 0 0 0 0 0 0 0 0 0 0 
0 0 0 0 0 0 0 0 0 0 0 0 0 0 0 0 
0 0 0 0 0 0 0 0 0 0 0 0 0 0 0 0 
0 0 0 0 0 0 0 0 0 0 0 0 0 0 0 0 
0 0 0 0 0 0 0 0 0 0 0 0 0 0 0 0 
0 0 0 0 0 0 0 0 0 0 0 0 0 0 0 0 
0 0 0 0 0 0 0 0 0 0 0 0 0 0 0 0 
0 0 0 0 0 0 0 0 0 0 0 0 0 0 0 0 
0 0 0 0 0 0 0 0 0 0 0 0 0 0 0 0 
0 0 0 0 0 0 0 0 0 0 0 0 0 0 0 0 
0 0 0 0 0 0 0 0 0 0 0 0 0 0 0 0 
0 0 0 0 0 0 0 0 0 0 0 0 0 0 0 0 
0 0 0 0 0 0 0 0 0 0 0 0 0 0 0 0 
0 0 0 0 0 0 0 0 0 0 0 0 0 0 0 0 
0 0 0 0 0 0 0 0 0 0 0 0 0 0 0 0 
0 0 0 0 0 0 0 0 0 0 0 0 0 0 0 0 
0 0 0 0 0 0 0 0 0 0 0 0 0 0 0 0 
0 0 0 0 0 0 0 0 0 0 0 0 0 0 0 0 
0 0 0 0 0 0 0 0 0 0 0 0 0 0 0 0 
0 0 0 0 0 0 0 0 0 0 0 0 0 0 0 0 
0 0 0 0 0 0 0 0 0 0 0 0 0 0 0 0 
0 0 0 0 0 0 0 0 0 0 0 0 0 0 0 0 
0 0 0 0 0 0 0 0 0 0 0 0 0 0 0 0 
0 0 0 0 0 0 0 0 0 0 0 0 0 0 0 0 
0 0 0 0 0 0 0 0 0 0 0 0 0 0 0 0 
0 0 0 0 0 0 0 0 0 0 0 0 0 0 0 0 
0 0 0 0 0 0 0 0 0 0 0 0 0 0 0 0 
0 0 0 0 0 0 0 0 0 0 0 0 0 0 0 0 
0 0 0 0 0 0 0 0 0 0 0 0 0 0 0 0 
0 0 0 0 0 0 0 0 0 0 0 0 0 0 0 0 
0 0 0 0 0 0 0 0 0 0 0 0 0 0 0 0 
0 0 0 0 0 0 0 0 0 0 0 0 0 0 0 0 
0 0 0 0 0 0 0 0 0 0 0 0 0 0 0 0 
0 0 0 0 0 0 0 0 0 0 0 0 0 0 0 0 
0 0 0 0 0 0 0 0 0 0 0 0 0 0 0 0 
0 0 0 0 0 0 0 0 0 0 0 0 0 0 0 0 
0 0 0 0 0 0 0 0 0 0 0 0 0 0 0 0 
0 0 0 0 0 0 0 0 0 0 0 0 0 0 0 0 
0 0 0 0 0 0 0 0 0 0 0 0 0 0 0 0 
0 0 0 0 0 0 0 0 0 0 0 0 0 0 0 0 
0 0 0 0 0 0 0 0 0 0 0 0 0 0 0 0 
0 0 0 0 0 0 0 0 0 0 0 0 0 0 0 0 
0 0 0 0 0 0 0 0 0 0 0 0 0 0 0 0 
0 0 0 0 0 0 0 0 0 0 0 0 0 0 0 0 
0 0 0 0 0 0 0 0 0 0 0 0 0 0 0 0 
0 0 0 0 0 0 0 0 0 0 0 0 0 0 0 0 
0 0 0 0 0 0 0 0 0 0 0 0 0 0 0 0 
0 0 0 0 0 0 0 0 0 0 0 0 0 0 0 0 
0 0 0 0 0 0 0 0 0 0 0 0 0 0 0 0 
0 0 0 0 0 0 0 0 0 0 0 0 0 0 0 0 
0 0 0 0 0 0 0 0 0 0 0 0 0 0 0 0 
0 0 0 0 0 0 0 0 0 0 0 0 0 0 0 0 
0 0 0 0 0 0 0 0 0 0 0 0 0 0 0 0 
0 0 0 0 0 0 0 0 0 0 0 0 0 0 0 0 
0 0 0 0 0 0 0 0 0 0 0 0 0 0 0 0 
0 0 0 0 0 0 0 0 0 0 0 0 0 0 0 0 
0 0 0 0 0 0 0 0 0 0 0 0 0 0 0 0 
0 0 0 0 0 0 0 0 0 0 0 0 0 0 0 0 
0 0 0 0 0 0 0 0 0 0 0 0 0 0 0 0 
0 0 0 0 0 0 0 0 0 0 0 0 0 0 0 0 
0 0 0 0 0 0 0 0 0 0 0 0 0 0 0 0 
0 0 0 0 0 0 0 0 0 0 0 0 0 0 0 0 
0 0 0 0 0 0 0 0 0 0 0 0 0 0 0 0 
0 0 0 0 0 0 0 0 0 0 0 0 0 0 0 0 
0 0 0 0 0 0 0 0 0 0 0 0 0 0 0 0 
0 0 0 0 0 0 0 0 0 0 0 0 0 0 0 0 
0 0 0 0 0 0 0 0 0 0 0 0 0 0 0 0 
0 0 0 0 0 0 0 0 0 0 0 0 0 0 0 0 
0 0 0 0 0 0 0 0 0 0 0 0 0 0 0 0 
0 0 0 0 0 0 0 0 0 0 0 0 0 0 0 0 
0 0 0 0 0 0 0 0 0 0 0 0 0 0 0 0 
0 0 0 0 0 0 0 0 0 0 0 0 0 0 0 0 
0 0 0 0 0 0 0 0 0 0 0 0 0 0 0 0 
0 0 0 0 0 0 0 0 0 0 0 0 0 0 0 0 
0 0 0 0 0 0 0 0 0 0 0 0 0 0 0 0 
0 0 0 0 0 0 0 0 0 0 0 0 0 0 0 0 
0 0 0 0 0 0 0 0 0 0 0 0 0 0 0 0 
0 0 0 0 0 0 0 0 0 0 0 0 0 0 0 0 
0 0 0 0 0 0 0 0 0 0 0 0 0 0 0 0 
0 0 0 0 0 0 0 0 0 0 0 0 0 0 0 0 
0 0 0 0 0 0 0 0 0 0 0 0 0 0 0 0 
0 0 0 0 0 0 0 0 0 0 0 0 0 0 0 0 
0 0 0 0 0 0 0 0 0 0 0 0 0 0 0 0 
0 0 0 0 0 0 0 0 0 0 0 0 0 0 0 0 
0 0 0 0 0 0 0 0 0 0 0 0 0 0 0 0 
0 0 0 0 0 0 0 0 0 0 0 0 0 0 0 0 
0 0 0 0 0 0 0 0 0 0 0 0 0 0 0 0 
0 0 0 0 0 0 0 0 0 0 0 0 0 0 0 0 
0 0 0 0 0 0 0 0 0 0 0 0 0 0 0 0 
0 0 0 0 0 0 0 0 0 0 0 0 0 0 0 0 
0 0 0 0 0 0 0 0 0 0 0 0 0 0 0 0 
0 0 0 0 0 0 0 0 0 0 0 0 0 0 0 0 
0 0 0 0 0 0 0 0 0 0 0 0 0 0 0 0 
0 0 0 0 0 0 0 0 0 0 0 0 0 0 0 0 
0 0 0 0 0 0 0 0 0 0 0 0 0 0 0 0 
0 0 0 0 0 0 0 0 0 0 0 0 0 0 0 0 
0 0 0 0 0 0 0 0 0 0 0 0 0 0 0 0 
0 0 0 0 0 0 0 0 0 0 0 0 0 0 0 0 
0 0 0 0 0 0 0 0 0 0 0 0 0 0 0 0 
0 0 0 0 0 0 0 0 0 0 0 0 0 0 0 0 
0 0 0 0 0 0 0 0 0 0 0 0 0 0 0 0 
0 0 0 0 0 0 0 0 0 0 0 0 0 0 0 0 
0 0 0 0 0 0 0 0 0 0 0 0 0 0 0 0 
0 0 0 0 0 0 0 0 0 0 0 0 0 0 0 0 
0 0 0 0 0 0 0 0 0 0 0 0 0 0 0 0 
0 0 0 0 0 0 0 0 0 0 0 0 0 0 0 0 
0 0 0 0 0 0 0 0 0 0 0 0 0 0 0 0 
0 0 0 0 0 0 0 0 0 0 0 0 0 0 0 0 
0 0 0 0 0 0 0 0 0 0 0 0 0 0 0 0 
0 0 0 0 0 0 0 0 0 0 0 0 0 0 0 0 
0 0 0 0 0 0 0 0 0 0 0 0 0 0 0 0 
0 0 0 0 0 0 0 0 0 0 0 0 0 0 0 0 
0 0 0 0 0 0 0 0 0 0 0 0 0 0 0 0 
0 0 0 0 0 0 0 0 0 0 0 0 0 0 0 0 
0 0 0 0 0 0 0 0 0 0 0 0 0 0 0 0 
0 0 0 0 0 0 0 0 0 0 0 0 0 0 0 0 
0 0 0 0 0 0 0 0 0 0 0 0 0 0 0 0 
0 0 0 0 0 0 0 0 0 0 0 0 0 0 0 0 
0 0 0 0 0 0 0 0 0 0 0 0 0 0 0 0 
0 0 0 0 0 0 0 0 0 0 0 0 0 0 0 0 
0 0 0 0 0 0 0 0 0 0 0 0 0 0 0 0 
0 0 0 0 0 0 0 0 0 0 0 0 0 0 0 0 
0 0 0 0 0 0 0 0 0 0 0 0 0 0 0 0 
0 0 0 0 0 0 0