Bone 8
BoneHierarchy
-1 0 1 1 1 1 0 0 
BoneName
root body hair tail_01 wing_L wing_R feet_L feet_R 
BoneOffset 
1 -6.68057e-34 -4.93038e-32 0 -5.60927e-33 1 7.54952e-15 0 7.39557e-32 -7.54952e-15 1 0 9.31323e-10 1.59193e-08 5.17897e-05 1 
1 -7.2235e-20 2.38419e-07 0 2.38418e-07 7.37903e-15 -1 0 7.04757e-20 1 7.37897e-15 0 9.40709e-10 -0.173044 -3.93699e-05 1 
1 1.50783e-07 7.98961e-08 0 8.73369e-08 -0.0500114 -0.998749 0 -1.46599e-07 0.998749 -0.0500114 0 2.61932e-07 -1.66562 -0.123322 1 
1 7.74066e-15 -2.73473e-14 0 9.80963e-18 0.962104 0.272682 0 2.84217e-14 -0.272682 0.962104 0 9.31316e-10 -0.135026 -0.307736 1 
-0.99118 0.0776474 0.107386 0 -0.0920183 0.179855 -0.979377 0 -0.0953602 -0.980624 -0.171123 0 0.546928 0.927652 0.0748575 1 
-0.99118 -0.0776475 -0.107386 0 0.0920179 0.179855 -0.979376 0 0.0953601 -0.980624 -0.171123 0 -0.546928 0.927652 0.0748577 1 
-1 -1.22507e-16 -1.50996e-07 0 1.50996e-07 -7.38466e-15 -1 0 1.22506e-16 -1 7.38488e-15 0 0.236492 0.364691 -0.0349592 1 
-1 -1.22507e-16 1.50996e-07 0 -1.50996e-07 -7.38466e-15 -1 0 1.22508e-16 -1 7.38488e-15 0 -0.236492 0.364691 -0.0349592 1 
SubmeshOffset 
0 4368 1296 1296 768 768 666 666 
