Bone 8
BoneHierarchy
-1 0 1 1 1 1 0 0 
BoneName
root body hair tail_01 wing_L wing_R feet_L feet_R 
BoneOffset 
1 0 0 0 0 1 -1.55431e-15 0 0 1.55431e-15 1 0 1.4063e-07 -7.36373e-09 5.17897e-05 1 
1 3.02291e-23 2.38419e-07 0 2.38419e-07 -1.95021e-15 -1 0 4.34735e-22 1 -1.95032e-15 0 1.40639e-07 -0.173044 -3.93466e-05 1 
1 1.50783e-07 7.98961e-08 0 8.7337e-08 -0.0500114 -0.998749 0 -1.46599e-07 0.998749 -0.0500114 0 4.01631e-07 -1.66562 -0.123322 1 
1 7.7501e-15 -2.73447e-14 0 6.44309e-24 0.962104 0.272682 0 2.84217e-14 -0.272682 0.962104 0 1.4063e-07 -0.135026 -0.307736 1 
-0.99118 0.0776474 0.107386 0 -0.0920184 0.179855 -0.979377 0 -0.0953602 -0.980624 -0.171123 0 0.546928 0.927652 0.0748576 1 
-0.99118 -0.0776474 -0.107386 0 0.092018 0.179855 -0.979376 0 0.0953602 -0.980624 -0.171123 0 -0.546929 0.927652 0.0748577 1 
-1 -2.25119e-16 -1.50996e-07 0 1.50996e-07 1.95617e-15 -1 0 2.25119e-16 -1 -1.95606e-15 0 0.236492 0.364691 -0.0349592 1 
-1 -2.18971e-16 1.50996e-07 0 -1.50996e-07 1.95617e-15 -1 0 2.1897e-16 -1 -1.95606e-15 0 -0.236493 0.364691 -0.0349592 1 
SubmeshOffset 
0 4368 1296 1296 768 768 666 666 
