Bone 8
BoneHierarchy
-1 0 1 1 1 1 0 0 
BoneName
root body hair tail_01 wing_L wing_R feet_L feet_R 
BoneOffset 
1 0 0 0 0 1 -1.55431e-15 0 0 1.55431e-15 1 0 0 0 0 1 
1 3.02291e-23 2.38419e-07 0 2.38419e-07 -1.95021e-15 -1 0 4.34735e-22 1 -1.95032e-15 0 9.38283e-12 -0.173095 -3.9354e-05 1 
1 1.50783e-07 7.98961e-08 0 8.7337e-08 -0.0500114 -0.998749 0 -1.46599e-07 0.998749 -0.0500114 0 2.61009e-07 -1.66568 -0.123319 1 
1 7.7501e-15 -2.73447e-14 0 6.44309e-24 0.962104 0.272682 0 2.84217e-14 -0.272682 0.962104 0 -6.72753e-15 -0.135012 -0.307786 1 
-0.99118 0.0776474 0.107386 0 -0.0920184 0.179855 -0.979377 0 -0.0953602 -0.980624 -0.171123 0 0.546933 0.927703 0.0748664 1 
-0.99118 -0.0776474 -0.107386 0 0.092018 0.179855 -0.979376 0 0.0953602 -0.980624 -0.171123 0 -0.546933 0.927703 0.0748666 1 
-1 -2.25119e-16 -1.50996e-07 0 1.50996e-07 1.95617e-15 -1 0 2.25119e-16 -1 -1.95606e-15 0 0.236492 0.364743 -0.0349592 1 
-1 -2.18971e-16 1.50996e-07 0 -1.50996e-07 1.95617e-15 -1 0 2.1897e-16 -1 -1.95606e-15 0 -0.236492 0.364743 -0.0349592 1 
SubmeshOffset 
0 540 120 72 192 192 228 228 
