Bone 9
BoneHierarchy
-1 0 1 1 1 0 0 0 0 
BoneName
root body ear.L ear.R tail.01 leg.F.L leg.F.R leg.B.L leg.B.R 
BoneOffset 
0 0 0 0 0 0 0 0 0 0 0 0 0 0 0 0 
1 1.42109e-14 -1.42109e-14 0 -1.42109e-14 5.96046e-08 -1 0 -1.42109e-14 1 5.96046e-08 0 8.83903e-15 -0.618767 0.00322516 1 
1 -3.0755e-13 -0.000193834 0 -0.000193823 0.0108362 -0.999941 0 2.10043e-06 0.999941 0.0108362 0 -0.368027 -1.75963 -0.960101 1 
1 3.0755e-13 0.000193834 0 0.000193823 0.0108362 -0.999941 0 -2.10043e-06 0.999941 0.0108362 0 0.368027 -1.75963 -0.960101 1 
1 8.8101e-21 -5.13951e-21 0 -7.6233e-21 0.980355 0.197242 0 6.77626e-21 -0.197242 0.980355 0 -2.02619e-14 -0.915134 -1.67869 1 
0.46698 0.0360892 0.883531 0 -0.882976 -0.0349535 0.468114 0 0.0477764 -0.998737 0.0155433 0 -0.705602 1.24333 -0.0934087 1 
0.46698 -0.0360892 -0.883531 0 0.882976 -0.0349535 0.468114 0 -0.0477764 -0.998737 0.0155433 0 0.705602 1.24333 -0.0934089 1 
0.500102 -0.000154884 0.865967 0 -0.834817 0.265708 0.48216 0 -0.230169 -0.964053 0.132752 0 0.436346 0.733516 -1.02186 1 
0.500102 0.00015485 -0.865967 0 0.834818 0.265708 0.48216 0 0.230169 -0.964053 0.132752 0 -0.436346 0.733516 -1.02186 1 
SubmeshOffset 
0 2046 252 252 144 216 216 546 522 
